100 1.013050
600 0.946719
1100 0.939044
1600 0.940689
2100 0.950165
2600 0.949038
3100 0.940105
3600 0.943201
4100 0.945984
4600 0.948161
5100 0.949911
5600 0.948442
6100 0.948696
6600 0.948089
7100 0.952154
7600 0.949972
8100 0.952079
8600 0.953731
9100 0.954207
9600 0.952749
10100 0.953406
10600 0.951441
11100 0.952586
11600 0.952385
12100 0.953397
12600 0.954041
13100 0.953393
13600 0.951197
14100 0.951594
14600 0.952460
15100 0.953747
15600 0.954141
16100 0.953386
16600 0.953439
17100 0.952220
17600 0.950145
18100 0.950184
18600 0.950901
19100 0.950539
19600 0.949734
20100 0.948249
20600 0.948153
21100 0.947976
21600 0.947473
22100 0.948547
22600 0.949334
23100 0.949068
23600 0.949274
24100 0.949096
24600 0.949293
25100 0.948977
25600 0.948462
26100 0.949075
26600 0.949258
27100 0.949233
27600 0.949013
28100 0.949187
28600 0.948659
29100 0.947341
29600 0.948695
30100 0.948442
30600 0.948611
31100 0.949239
31600 0.948818
32100 0.949255
32600 0.948680
33100 0.947575
33600 0.947742
34100 0.947320
34600 0.948009
35100 0.946977
35600 0.947600
36100 0.947203
36600 0.946917
37100 0.946930
37600 0.946559
38100 0.947194
38600 0.946735
39100 0.946889
39600 0.946765
40100 0.946599
40600 0.945724
41100 0.945310
41600 0.945777
42100 0.945458
42600 0.945870
43100 0.946313
43600 0.945585
44100 0.945160
44600 0.944988
45100 0.945181
45600 0.945211
46100 0.945319
46600 0.945308
47100 0.945067
47600 0.944527
48100 0.944563
48600 0.944634
49100 0.944447
49600 0.944482
50100 0.945094
50600 0.945837
51100 0.945893
51600 0.945632
52100 0.945654
52600 0.946020
53100 0.946991
53600 0.947473
54100 0.947109
54600 0.946885
55100 0.946566
55600 0.946545
56100 0.946687
56600 0.946570
57100 0.946677
57600 0.947190
58100 0.947508
58600 0.947573
59100 0.947545
59600 0.947306
60100 0.946649
60600 0.946361
61100 0.946018
61600 0.946004
62100 0.945816
62600 0.945457
63100 0.945448
63600 0.945240
64100 0.945458
64600 0.945225
65100 0.944913
65600 0.944743
66100 0.944548
66600 0.944763
67100 0.944355
67600 0.944783
68100 0.944859
68600 0.944934
69100 0.945087
69600 0.944822
70100 0.944947
70600 0.944968
71100 0.945472
71600 0.945136
72100 0.945255
72600 0.944676
73100 0.944302
73600 0.943589
74100 0.944204
74600 0.944496
75100 0.944712
75600 0.944661
76100 0.944255
76600 0.944160
77100 0.944607
77600 0.944745
78100 0.944812
78600 0.944648
79100 0.944943
79600 0.944893
80100 0.945070
80600 0.945065
81100 0.945373
81600 0.945211
82100 0.945250
82600 0.945310
83100 0.945217
83600 0.945211
84100 0.944840
84600 0.945072
85100 0.945280
85600 0.945296
86100 0.945038
86600 0.945013
87100 0.944780
87600 0.944530
88100 0.943810
88600 0.944017
89100 0.943897
89600 0.943778
90100 0.943781
90600 0.943584
91100 0.944025
91600 0.943947
92100 0.944048
92600 0.944283
93100 0.944458
93600 0.944032
94100 0.943572
94600 0.943653
95100 0.943637
95600 0.943300
96100 0.943155
96600 0.943273
97100 0.943316
97600 0.943061
98100 0.943492
98600 0.943312
99100 0.943062
99600 0.943014
