100 0.874992
600 0.858789
1100 0.901507
1600 0.838534
2100 0.898140
2600 0.904907
3100 0.890673
3600 0.901998
4100 0.912932
4600 0.919376
5100 0.909306
5600 0.890617
6100 0.895712
6600 0.902980
7100 0.909225
7600 0.915928
8100 0.915801
8600 0.915690
9100 0.918795
9600 0.921577
10100 0.923122
10600 0.919934
11100 0.924917
11600 0.924441
12100 0.927219
12600 0.935177
13100 0.934364
13600 0.931466
14100 0.934980
14600 0.941582
15100 0.949035
15600 0.946039
16100 0.948059
16600 0.945858
17100 0.947766
17600 0.943489
18100 0.941060
18600 0.939806
19100 0.936583
19600 0.938484
20100 0.936904
20600 0.937761
21100 0.935813
21600 0.938906
22100 0.935701
22600 0.935648
23100 0.933073
23600 0.934726
24100 0.936310
24600 0.933088
25100 0.934255
25600 0.937275
26100 0.938316
26600 0.937492
27100 0.939209
27600 0.939454
28100 0.938307
28600 0.937540
29100 0.938470
29600 0.937398
30100 0.936361
30600 0.935994
31100 0.936264
31600 0.933756
32100 0.937081
32600 0.936725
33100 0.936673
33600 0.939806
34100 0.936860
34600 0.937652
35100 0.934821
35600 0.938896
36100 0.940435
36600 0.940869
37100 0.939981
37600 0.942220
38100 0.944400
38600 0.944760
39100 0.943868
39600 0.944471
40100 0.944090
40600 0.942281
41100 0.941226
41600 0.940430
42100 0.939883
42600 0.940948
43100 0.942213
43600 0.941219
44100 0.941791
44600 0.942350
45100 0.941387
45600 0.943005
46100 0.942689
46600 0.941962
47100 0.943522
47600 0.943823
48100 0.943108
48600 0.943207
49100 0.942513
49600 0.941636
50100 0.942135
50600 0.943393
51100 0.944246
51600 0.943952
52100 0.943663
52600 0.943380
53100 0.943468
53600 0.943192
54100 0.943461
54600 0.942299
55100 0.940806
55600 0.940040
56100 0.940153
56600 0.940265
57100 0.940033
57600 0.940144
58100 0.940420
58600 0.941189
59100 0.941781
59600 0.940894
60100 0.940669
60600 0.940609
61100 0.940708
61600 0.942700
62100 0.942311
62600 0.943016
63100 0.942939
63600 0.943781
64100 0.944003
64600 0.945275
65100 0.945183
65600 0.944203
66100 0.944268
66600 0.944332
67100 0.945119
67600 0.944744
68100 0.943947
68600 0.943586
69100 0.942667
69600 0.941902
70100 0.941841
70600 0.942744
71100 0.944182
71600 0.943971
72100 0.945784
72600 0.945297
73100 0.944417
73600 0.943945
74100 0.945186
74600 0.944976
75100 0.945157
75600 0.943407
76100 0.943213
76600 0.942006
77100 0.941824
77600 0.940642
78100 0.940844
78600 0.940549
79100 0.940380
79600 0.940702
80100 0.939442
80600 0.938922
81100 0.938887
81600 0.938853
82100 0.938938
82600 0.938669
83100 0.937818
83600 0.937326
84100 0.937071
84600 0.936934
85100 0.937484
85600 0.936551
86100 0.938113
86600 0.937636
87100 0.937276
87600 0.938475
88100 0.937783
88600 0.937319
89100 0.936860
89600 0.935756
90100 0.935958
90600 0.936051
91100 0.935716
91600 0.937295
92100 0.937379
92600 0.938512
93100 0.939110
93600 0.938456
94100 0.937499
94600 0.937683
95100 0.937455
95600 0.937230
96100 0.936198
96600 0.936787
97100 0.937470
97600 0.937748
98100 0.936932
98600 0.937013
99100 0.935523
99600 0.936195